       x [m]          y [m]          z [m]     ExRe [V/m]     EyRe [V/m]     EzRe [V/m]     ExIm [V/m]     EyIm [V/m]     EzIm [V/m]  
------------------------------------------------------------------------------------------------------------------------------------------
Sample 1
       -0.125          -0.05           -2.5              0              0              0              0              0              0
       -0.115          -0.05           -2.5              0              0              0              0              0              0
       -0.105          -0.05           -2.5              0              0              0              0              0              0
       -0.095          -0.05           -2.5              0              0              0              0              0              0
       -0.085          -0.05           -2.5              0              0              0              0              0              0
       -0.075          -0.05           -2.5              0              0              0              0              0              0
       -0.065          -0.05           -2.5              0              0              0              0              0              0
Sample 2
       -0.125          -0.05           -2.5              0              0              0              0              0              0
       -0.115          -0.05           -2.5              0              0              0              0              0              0
       -0.105          -0.05           -2.5              0              0              0              0              0              0
       -0.095          -0.05           -2.5              0              0              0              0              0              0
       -0.085          -0.05           -2.5              0              0              0              0              0              0
       -0.075          -0.05           -2.5              0              0              0              0              0              0
       -0.065          -0.05           -2.5              0              0              0              0              0              0